237 811 15392 
796 225 6267 
849 550 5221 
1779 78 17029 
1340 950 8731 
2136 278 16456 
2954 862 14425 
3713 602 13893 
2394 869 12045 
4447 820 6351 
5838 890 14786 
7073 475 16773 
6024 810 11081 
7363 446 10186 
8794 339 8833 
9183 755 15985 
8933 177 8647 
10164 732 13213 
10386 275 16512 
10455 200 12583 
10637 324 11792 
10270 529 9684 
11731 470 14049 
9661 910 6338 
13293 476 16248 
13872 375 16660 
14311 915 15371 
13481 895 11629 
15796 746 13667 
16681 524 13649 
16625 631 13507 
15808 838 11659 
14087 80 10919 
10056 886 6003 
12951 89 4913 
8538 901 4775 
14342 581 4353 
15165 472 4137 
7028 674 3541 
9520 768 2848 
10646 283 2371 
4633 55 2210 
360 890 1967 
2168 347 1592 
6519 455 1497 
468 446 887 
2585 401 828 
982 51 579 
