502 350 17206 
899 136 9421 
1021 121 7862 
1180 321 7311 
1363 166 17011 
1255 630 5519 
2117 626 12438 
2356 542 15443 
3298 743 9029 
2225 611 8642 
4695 720 14801 
4336 274 11206 
5655 873 13648 
5618 426 10292 
7004 857 12068 
5673 203 9138 
6086 300 8692 
8414 16 13600 
5801 512 7569 
7696 421 7240 
9028 124 14310 
2756 162 7089 
9581 970 17113 
9952 280 14196 
9750 768 13436 
11292 481 14653 
8548 616 5612 
11196 604 5447 
6242 642 5133 
14007 898 14057 
7391 387 4611 
12313 191 3968 
2318 959 3608 
15749 289 14335 
16337 642 10526 
16868 922 16055 
16817 259 15829 
16075 309 8495 
15660 303 6816 
16383 259 3807 
2365 527 3206 
10868 836 2817 
11677 544 2607 
7739 577 2521 
9434 99 2360 
16651 875 1550 
16484 25 1261 
7748 592 873 
