0 26 426 
25 26 822 
31 97 1032 
27 63 1023 
207 51 1893 
158 55 360 
297 64 90 
353 18 1238 
357 84 585 
411 25 1760 
453 38 263 
580 26 1219 
623 26 77 
639 67 1329 
657 31 1441 
737 34 1476 
631 35 1278 
784 49 946 
704 66 875 
918 66 1468 
967 98 1713 
1009 64 1595 
926 82 1148 
1227 63 1730 
1170 49 1362 
1132 9 1027 
1086 8 746 
1166 88 574 
1447 47 1442 
1387 18 853 
980 60 448 
895 56 413 
1609 8 1290 
1646 10 612 
969 59 412 
718 93 407 
1726 46 1254 
1771 19 1196 
1722 37 803 
1889 68 742 
1725 27 738 
1805 3 695 
1676 16 326 
928 14 282 
1708 44 245 
1215 98 228 
875 81 214 
1333 48 156 
1723 14 115 
1098 64 6 
